           1           2  0.970940893044172     
           2           3   1.44071402636610     
           3           4  0.970941901541217     
           3           5   1.44073641823589     
           5           6  0.970943099570891     
           2           7  0.113592274888495     
           5           7   1.44071519204872     
           7           8  0.970943760887286     
           3           9  0.113586495072708     
           7           9   1.44072940959604     
           9          10  0.970942604290125     
           2          11   1.44072876764621     
           5          11  0.113586013788424     
           9          11   1.44072231709607     
          11          12  0.970942695566721     
